175.56,404.14
27.73,204.8
13.65,203.43
25.2,170.66
101.43,468.99
1.73,38.23
64.13,268.97
22.53,92.84
298.45,516.09
10.4,38.23
50.72,111.96
13.87,122.88
32.93,286.72
55.47,274.43
29.47,69.63
56.57,140.63
9.75,133.8
26,114.69
27.73,184.32
9.75,161.11
26,151.55
31.2,126.97
58.52,158.38
19.07,170.67
10.4,65.53
36.4,223.91
31.2,159.74
46.82,284.67
52.67,146.09
35.11,176.13
19.51,166.57
54.62,137.9
56.57,125.61
5.85,169.3
130.69,372.73
179.46,693.59
97.53,348.16
76.08,456.7
35.11,176.13
31.21,151.55
674.93,398.68
9.75,133.8
26,150.18
146.3,353.62
26,77.82
22.53,188.41
13.65,135.17
15.6,73.73
1.73,68.26
3.9,118.78
146.3,266.24
31.2,278.53
48.53,274.43
13.65,163.84
130,327.68
17.56,137.9
13.65,155.65
19.07,166.57
36.4,245.76
6.93,16.38
54.62,229.37
1.95,87.38
5.2,131.07
13.87,140.63
175.56,249.85
21.46,122.88
29.47,208.89
64.37,117.42
31.2,180.22
48.53,182.95
5.85,125.61
39.87,278.53
39.87,237.57
130,309.93
237.47,1785.85
130,350.89
195.07,562.52
5.2,62.8
6.93,79.19
6.93,32.77
251.33,671.74
56.57,159.74
23.41,159.74
58.93,442.37
54.62,436.9
24.27,226.64
19.51,187.05
29.47,155.65
128.27,380.93
10.4,90.11
3.9,98.3
117.04,140.63
5.2,177.49
135.2,368.64
29.47,180.22
39.87,262.14
17.33,169.3
10.4,10.92
197.02,496.98
22.53,182.95
22.53,182.95
273.09,290.81
551.2,1720.32
12.13,185.68
130,331.77
21.46,208.89
32.93,237.57
26,204.8
11.7,162.47
15.6,133.8
54.62,151.55
21.46,241.66
83.2,490.15
13.65,172.03
31.2,157.01
23.41,169.3
15.61,233.47
88.4,667.65
78,293.54
31.2,174.76
117.04,151.55
26,204.8
118.99,120.15
20.8,126.97
56.57,191.14
117.87,294.91
17.56,151.55
6.93,16.38
19.51,129.7
15.6,135.17
2137.93,1024
118.99,292.18
140.4,196.61
17.33,129.71
31.2,208.89
9.75,165.2
19.07,144.72
58.93,326.31
33.16,305.15
19.51,98.3
29.47,43.69
13.87,114.69
10.4,16.38
15.6,150.19
8.67,218.45
135.2,268.97
1.73,212.99
87.78,409.6
19.07,125.61
176.8,368.64
31.2,128.34
20.8,166.57
35.11,163.84
43.33,338.6
10.4,174.76
29.47,147.46
10.4,339.97
10.4,32.77
181.41,487.42
135.2,367.27
26,73.73
111.19,318.12
26,161.11
21.46,187.05
32.93,177.49
130,447.83
26,57.34
154.1,398.67
38.13,360.45
19.07,192.51
10.4,129.71
145.6,222.55
26,94.21
24.27,229.37
5.85,110.59
29.47,249.85
117.04,158.38
138.67,255.32
15.61,180.22
52,442.37
78,371.37
31.2,255.32
34.67,229.37
234,443.73
62.42,259.41
31.2,204.8
26,76.46
36.4,252.58
26,188.41
13.87,245.76
31.2,253.95
140.4,301.74
694.44,379.56
114.4,353.62
163.86,622.59
36.4,81.92
52,249.85
135.2,176.13
109.2,1343.49
34.67,148.82
175.56,415.06
52,38.23
678.83,376.83
52,211.62
12.13,131.07
58.52,95.57
10.4,49.15
209.73,682.66
17.56,232.1
175.56,535.21
27.73,182.95
53.73,259.41
5.2,294.91
26,240.3
171.6,300.37
26,116.05
27.73,210.26
78.03,320.85
52,387.75
79.73,245.76
13.65,159.74
10.4,43.69
13.65,136.53
31.2,215.72
29.26,8.19
320.67,557.05
45.07,259.41
68.27,376.83
26,234.84
29.47,218.45
26,103.76
71.07,327.68
31.21,166.57
678.83,338.6
145.6,258.05
29.26,65.54
17.33,150.19
145.6,307.2
54.62,356.35
81.93,341.33
26,125.61
5.2,98.3
19.07,155.65
26,178.86
222.38,385.02
170.68,122.88
5.2,103.76
130,368.64
29.26,10.92
1.73,125.61
118.99,487.42
26,49.15
114.4,249.85
224.33,835.58
26,61.44
189.21,364.54
36.4,245.76
130,479.23
31.2,230.74
55.47,304.47
13.65,172.03
9.75,120.15
36.4,208.89
15.6,136.53
35.11,163.84
41.6,267.6
26,91.48
19.51,232.11
26,95.57
26,212.99
52,327.68
118.99,378.19
15.61,162.47
29.47,204.8
31.2,294.91
26,155.65
12.13,387.75
97.07,211.62
5.85,124.24
15.61,154.28
62.4,311.3
24.27,251.22
29.47,289.45
31.2,189.78
327.71,999.42
17.33,137.9
79.73,469.67
31.2,181.59
15.61,126.97
208,759.12
87.78,724.99
81.93,412.33
109.2,188.41
7.8,121.51
41.6,232.1
17.33,117.42
58.52,144.72
31.2,253.95
13.87,540.67
26,172.03
31.21,208.89
12.13,262.14
64.13,279.89
26,180.22
50.27,289.45
19.07,91.48
22.53,103.76
698.34,390.48
170.68,122.88
3.47,196.61
6.93,241.66
71.07,638.97
26,163.84
208,671.74
5.2,513.36
29.47,147.46
17.56,184.32
15.6,114.69
26,193.88
71.07,371.37
26,60.07
6.93,111.96
19.51,176.13
146.3,266.24
1.73,101.03
90.13,360.45
24.27,173.4
407.33,775.51
36.4,185.68
26,109.23
130,371.37
146.3,266.24
17.33,113.32
52,170.67
1.95,368.64
156,253.95
5.2,54.61
120.94,457.39
31.2,103.76
13.87,188.41
135.85,380.34
19.07,221.18
9.75,122.88
116.13,245.76
26,129.71
12.13,166.57
76.27,180.22
193.12,395.94
212.62,307.2
170.68,122.88
22.53,126.97
117.04,92.84
179.46,409.6
27.73,196.61
10.4,133.8
32.93,221.18
29.47,311.29
15.6,132.44
10.4,68.26
107.47,311.29
43.33,253.95
29.47,225.28
193.12,260.78
170.68,122.88
13.65,126.97
55.47,289.45
117.04,116.05
241.88,417.79
78.03,334.5
20.8,181.59
45.07,245.76
138.5,374.1
146.3,266.24
26,154.28
126.79,398.67
26,49.15
276.99,357.71
10.4,54.61
31.2,214.35
58.52,188.41
343.32,584.36
146.3,121.51
58.52,263.51
36.4,275.8
34.67,161.11
17.56,169.3
31.2,191.14
26,158.38
24.27,141.99
32.93,266.24
26,180.22
240.93,606.21
130,320.36
31.2,226.64
31.2,187.05
68.27,320.85
119.6,386.39
27.31,274.43
29.26,109.23
57.2,271.7
38.13,236.2
6.93,131.07
8.67,98.3
5.85,173.4
29.26,24.57
19.07,163.84
177.51,245.76
13.87,155.65
17.33,121.51
19.51,197.97
38.13,169.3
15.6,176.13
5.85,195.24
36.4,219.82
93.63,370
5.2,131.07
132.65,354.98
55.47,357.72
25.2,155.65
113.14,406.87
22.53,165.2
97.53,348.16
188.93,715.43
223.6,638.97
17.33,95.57
1.73,84.65
117.04,117.42
19.07,207.53
104,210.26
19.07,122.88
27,154.28
26,200.7
26,215.72
13.65,163.84
36.4,196.61
26,49.15
45.07,136.53
38.13,135.17
5.2,57.34
41.6,279.89
26,326.31
175.56,311.29
122.89,116.05
204.82,458.75
26,39.59
31.2,188.41
130,361.81
10.4,92.84
138.67,338.6
62.42,423.93
53.73,305.83
29.26,54.61
19.07,94.21
146.3,210.26
22.53,140.63
35.11,663.55
24.27,191.15
50.27,237.57
60.67,425.98
5.85,135.17
29.47,166.57
124.8,359.08
146.3,155.06
52,294.91
13.87,191.14
13.65,165.2
26,143.36
8.67,32.77
15.6,159.74
118.99,391.85
46.8,259.41
36.4,215.72
19.51,133.8
21.46,234.83
9.75,86.01
29.47,181.59
36.4,120.15
19.07,157.01
1.95,150.19
12.13,166.57
20.8,176.13
53.73,222.55
6.93,79.19
36.4,136.53
10.4,60.07
78.03,303.1
24.27,237.57
113.14,380.93
26,65.53
117.04,90.11
145.6,421.89
78.03,363.18
19.07,163.84
146.3,345.43
15.6,141.99
169.87,507.9
146.3,266.24
29.26,98.3
31.2,192.51
130,299.01
15.61,225.28
7.8,139.26
43.33,192.51
12.13,113.32
33.16,399.36
36.4,180.22
12.13,118.78
17.33,125.61
26,86.01
5.2,169.3
3.9,139.26
117.87,180.22
26,206.16
58.93,267.6
26,122.88
117.04,133.8
15.61,180.22
34.67,177.49
6.93,103.76
357.07,1239.72
10.4,87.38
24.27,176.13
22.53,140.63
20.8,178.86
55.47,480.6
31.2,177.49
126.79,124.24
189.21,469.67
15.61,132.44
26,163.84
54.62,162.47
8.67,109.23
39.87,263.51
23.41,189.78
15.6,155.65
17.33,193.88
24.27,222.55
140.4,285.35
26,122.88
104,1114.11
17.33,144.72
13.87,202.07
146.3,135.17
31.21,51.88
669.08,349.52
31.2,178.86
87.78,391.85
686.63,338.6
40.96,136.53
122.89,117.42
29.26,8.19
52.67,339.97
26,136.53
19.51,170.67
514.8,1092.26
17.33,110.59
130,341.33
26,322.22
29.47,159.74
10.4,141.99
19.07,98.3
146.3,200.7
109.2,778.24
202.87,491.52
18.81,179.93
58.52,122.88
36.4,480.6
206.77,358.4
41.6,208.89
6.93,234.84
22.53,173.4
26,69.63
185.31,334.5
21.46,247.12
26,98.3
37.06,150.19
36.4,202.07
200.92,535.21
3.47,81.92
55.47,327.68
19.07,132.44
38.13,270.33
31.2,192.51
17.56,188.41
187.26,320.85
286,1125.03
69.33,221.18
26,73.73
24.27,173.4
29.47,178.86
12.13,181.59
19.07,167.93
17.33,124.24
29.47,155.65
5.2,76.46
175.56,671.74
64.13,393.21
31.57,81.92
39.87,199.34
27.73,208.89
19.07,122.88
162.93,271.7
17.56,212.99
146.3,266.24
22.53,193.88
216.67,551.59
135.2,214.36
146.3,266.24
22.53,365.91
213.2,835.58
120.94,339.97
31.2,187.05
17.33,248.49
22.53,170.67
20.8,139.26
175.56,338.6
54.62,218.45
104,912.82
3.9,125.61
110.93,221.18
10.4,71
9.75,159.74
199.33,851.97
213.2,770.05
146.3,121.51
20.8,222.55
109.2,219.82
19.07,132.44
48.53,193.88
156.05,708.61
145.6,189.78
31.2,166.57
17.33,278.53
29.47,192.51
170.68,122.88
58.52,196.61
247.87,584.36
34.67,148.82
19.51,211.63
26,159.74
22.53,208.89
83.2,387.75
36.4,207.53
29.26,144.72
13.65,137.9
58.52,144.72
52,180.22
5.2,103.76
135.2,184.32
13.65,163.84
10.4,32.77
68.27,345.43
7.8,152.92
36.4,229.37
58.52,147.45
48.53,177.49
23.41,238.93
31.2,177.49
19.07,122.88
18.81,146.29
31.2,229.37
24.27,236.2
15.6,152.92
13.87,117.42
48.53,285.35
26,202.07
19.8,118.78
10.4,76.46
19.07,152.92
36.4,169.3
26,155.65
10.4,155.65
161.2,315.39
60.47,304.47
5.85,172.03
117.04,120.15
9.75,131.07
120.94,146.09
29.47,290.81
53.73,240.3
6.27,141.9
170.68,122.88
26,151.55
17.33,151.55
17.56,249.85
3.47,371.37
170.68,122.88
19.07,158.38
177.51,759.12
118.99,206.16
29.47,124.24
130,383.66
36.4,120.15
291.2,884.73
26,98.3
183.36,331.77
55.47,312.66
62.4,578.9
12.13,88.74
22.53,135.17
12.13,111.96
52,294.91
29.47,285.35
26,71
13.87,185.68
9.75,111.96
15.61,281.26
26,136.53
13.87,133.8
19.07,238.93
58.52,152.92
24.27,245.76
110.93,1021.27
680.78,376.83
101.43,327.68
31.2,195.24
15.6,139.26
162.93,567.98
26,393.21
26,90.11
31.2,166.57
7.8,180.22
29.47,184.32
26,133.8
36.4,226.64
5.85,133.8
5.85,172.03
12.13,125.61
144.35,402.77
220.13,846.5
12.13,118.78
5.85,135.17
19.51,117.42
15.6,125.61
15.6,116.05
57.2,236.2
26,199.34
36.4,245.76
58.52,196.61
1.95,20.48
22.53,135.17
170.68,122.88
29.47,172.03
202.87,379.56
674.93,270.33
6.93,38.23
17.56,121.51
39.87,311.29
150.8,274.43
1.73,88.74
109.2,1048.57
22.53,162.47
17.33,163.84
32.93,146.09
52,212.99
27.73,320.85
20.8,148.82
110.93,1032.19
31.21,200.7
500.93,562.52
13.87,129.71
10.4,162.47
239.93,348.16
20.8,176.13
118.99,383.66
9.75,150.18
19.07,124.24
24.27,182.95
17.33,152.92
105.34,428.71
52,311.3
5.85,147.45
157.73,241.66
20.8,151.55
31.2,349.52
56.57,144.72
54.62,180.22
12.13,117.42
26,155.65
24.27,320.85
29.47,230.74
33.16,161.11
107.29,393.21
13.87,110.59
10.4,136.53
551.2,1720.32
27.73,226.64
58.52,196.61
45.07,270.33
131.73,357.72
39.87,268.97
17.33,152.92
55.47,326.31
91.68,561.15
209.73,786.43
54.62,167.93
142.13,256.68
10.4,16.38
29.47,135.17
120.94,484.69
31.2,141.99
56.57,151.55
60.67,256.68
78,234.84
27,154.28
103.39,370
330.91,603.23
26,77.82
6.93,124.24
13.87,143.36
62.4,638.98
32.93,125.61
31.21,174.76
36.4,131.07
13.65,161.11
52,251.22
5.85,117.42
24.27,96.94
58.93,271.7
36.4,184.32
133.47,389.12
31.2,174.76
71.07,360.45
31.2,290.81
175.56,431.44
27.73,81.92
249.69,389.12
15.6,169.3
140.45,148.82
216.52,475.13
24.27,324.95
13.87,163.84
17.33,180.22
58.52,144.72
29.26,32.77
12.13,197.97
31.2,259.41
107.47,830.12
32.93,152.92
31.2,182.95
29.47,147.46
13.65,151.55
292.6,425.98
13.87,165.2
220.43,348.16
117.04,116.05
117.04,128.34
27.73,217.09
26,77.82
87.78,475.13
26,174.76
7.8,144.72
26,125.61
20.8,152.92
62.42,375.46
19.51,151.55
10.4,147.45
64.37,488.79
10.4,16.38
181.41,320.85
5.2,35.5
126.79,492.88
9.75,131.07
136.55,442.37
15.6,182.95
117.04,122.88
84.93,507.9
107.29,375.46
175.56,398.68
24.27,189.78
20.8,132.44
27.73,155.65
26,91.48
36.4,81.92
185.31,475.14
140.45,361.81
36.4,212.99
26,229.37
177.51,349.52
52,16.38
32.93,176.13
29.47,169.3
5.2,54.61
331.07,679.93
29.26,294.91
32.93,212.99
19.51,167.94
26,120.15
152.15,349.52
20.8,172.03
15.61,184.32
22.29,279.4
25.2,192.51
32.93,449.19
5.85,154.28
34.67,181.59
130,278.53
419.47,589.82
27.73,162.47
15.6,188.41
79.98,368.64
109.24,446.46
26,69.63
29.26,8.19
116.13,434.17
29.26,49.15
20.8,43.69
185.31,420.52
19.51,222.55
161.2,292.18
27.73,236.2
12.13,203.43
117.04,170.67
1.95,114.69
446.7,548.86
7.8,154.28
15.6,122.88
35.11,155.65
112.67,195.24
29.47,180.22
684.68,376.83
34.67,159.74
17.33,140.63
109.2,197.97
10.4,10.92
138.5,348.16
170.68,122.88
142.13,279.89
29.47,158.38
45.07,274.43
31.2,165.2
5.85,151.55
1.73,51.88
57.2,206.16
117.04,122.88
208,939.35
56.57,200.7
15.61,174.76
5.85,116.05
25.2,161.11
26,191.15
109.2,180.22
29.47,226.64
36.4,90.11
46.8,188.41
65.87,535.21
36.4,65.53
19.8,120.15
50.72,159.74
19.07,200.7
25.2,143.36
22.53,140.63
43.33,225.28
181.41,350.89
130,344.06
17.56,188.41
138.5,413.69
146.3,299.01
8.67,38.23
17.33,139.26
31.2,244.39
5.85,81.92
9.75,111.96
10.4,245.76
13.87,114.69
680.78,338.6
12.13,174.76
7.8,166.57
10.4,189.78
22.53,49.15
117.04,143.36
104,933.89
29.26,57.34
19.07,65.53
20.8,185.68
53.73,300.37
56.57,245.76
13.87,311.29
79.73,307.2
10.4,60.07
142.4,379.56
12.13,278.53
3.47,65.53
9.75,139.26
22.53,170.67
15.6,309.93
19.07,195.24
140.45,372.73
2471.73,655.36
146.3,214.35
5.85,117.42
54.62,417.79
13.65,184.32
3.47,111.96
13.87,125.61
130,360.44
31.2,147.46
26,125.61
31.2,505.17
52,136.53
5.85,109.23
31.2,182.95
19.51,131.07
26,218.45
12.13,163.84
247.73,546.13
36.4,207.53
146.3,266.24
21.46,241.66
41.6,256.68
10.4,101.03
17.56,192.51
112.67,301.74
223.6,720.89
26,64.17
20.8,170.67
17.33,96.94
48.53,241.66
31.2,202.07
29.47,147.45
58.93,267.6
6.93,229.37
29.47,167.93
17.56,228.01
261.73,1212.41
26,72.36
239.93,330.41
58.93,376.83
5.85,193.88
38.13,251.22
10.4,114.69
78,285.35
110.93,200.7
76.08,208.89
25.2,113.32
170.68,122.88
26,161.11
39.01,125.61
31.2,196.61
26,69.63
54.62,158.38
15.6,166.57
17.33,173.4
21.46,176.13
17.56,196.61
27.73,169.3
551.2,1720.32
29.47,165.2
26,263.51
79.98,391.85
214.57,371.37
36.4,218.45
9.75,380.93
20.8,159.74
81.93,349.52
29.47,256.68
27.73,167.94
191.17,341.33
109.24,277.16
17.56,147.45
162.93,249.85
41.6,174.76
29.47,245.76
29.47,141.99
107.47,1163.26
694.44,349.52
17.56,214.35
52,360.45
7.8,49.15
150.8,221.18
5.85,152.92
20.8,54.61
674.93,324.95
10.4,81.92
20.8,152.92
19.07,73.73
17.33,152.92
234,786.43
105.73,524.29
26,218.45
32.93,152.92
168.13,649.9
26,152.92
3.47,140.63
56.57,170.66
58.52,141.99
17.33,148.82
3.47,109.23
60.67,324.95
43.33,258.05
24.27,187.05
19.51,191.15
58.52,231.13
68.27,263.51
11.7,232.1
10.4,131.07
341.47,1196.03
187.2,557.05
442,821.93
15.61,184.32
109.2,983.04
26,84.65
138.5,339.97
19.07,128.34
170.68,122.88
68.27,405.5
10.4,71
32.93,144.72
20.8,139.26
27,174.76
52,273.07
29.47,299.01
12.13,131.07
67.6,393.21
104,502.44
12.13,92.84
1.73,16.38
123.07,386.39
206.77,589.82
210.67,409.6
93.63,380.93
5.2,223.91
19.07,197.97
1.95,233.47
26,365.91
138.5,356.35
35.11,236.2
24.27,172.03
26,81.92
45.07,195.24
85.83,329.04
32.93,161.11
19.07,90.11
15.6,122.88
43.33,206.16
67.6,218.45
36.4,131.07
5.85,182.95
146.3,126.97
17.33,135.17
130,354.98
26,87.38
29.47,135.17
1.73,132.44
5.85,131.07
161.2,389.12
32.93,187.05
64.13,299.01
132.65,140.63
29.26,139.26
52,311.29
38.13,447.83
135.2,202.07
119.6,367.27
26,131.07
35.11,187.05
31.2,208.89
179.46,344.06
36.4,279.89
26,117.42
3.9,87.38
168.13,371.37
99.48,385.02
27.73,147.45
26,31.4
17.56,166.57
29.26,32.77
31.2,240.3
22.53,154.28
34.67,196.61
31.2,633.51
28.8,199.34
213.2,628.05
15.6,177.49
19.07,174.76
52,197.97
27.73,184.32
36.4,180.22
22.53,150.19
13.87,197.97
150.8,278.53
9.75,161.11
32.93,236.2
218.4,671.74
31.2,270.33
26,180.22
36.4,218.45
27.73,322.22
35.11,180.22
36.4,349.52
17.33,136.53
130,397.31
10.4,49.15
19.07,184.32
17.33,109.23
175.56,425.98
26,65.53
1.73,150.19
29.47,200.7
52.67,122.88
1.73,95.57
26,50.51
177.51,458.75
15.6,163.84
52,376.83
55.47,453.29
20.8,217.09
33.16,24.58
26,91.48
45.07,290.81
15.6,136.53
45.07,251.22
146.3,266.24
52,393.22
146.3,120.15
7.8,140.63
5.85,111.96
20.8,118.78
149.07,259.41
167.76,406.87
58.52,141.99
32.93,270.33
10.4,141.99
26,73.73
10.4,128.34
31.2,236.2
26,163.84
44.57,355.47
15.6,135.17
7.8,125.61
15.61,157.01
146.3,266.24
5.85,192.51
32.93,217.09
3.47,102.4
48.77,331.77
31.2,187.05
13.87,146.09
25.36,196.61
116.13,425.98
29.26,288.77
38.13,222.55
58.52,133.8
24.27,137.9
31.2,244.39
36.4,158.38
222.38,565.25
20.8,111.96
60.47,218.45
138.67,219.82
208,688.13
130,357.72
91.68,349.52
29.26,131.07
10.4,54.61
5.85,98.3
17.33,279.89
38.13,169.3
60.47,436.22
6.93,49.15
146.3,266.24
29.26,21.84
109.24,559.1
15.61,135.17
107.47,189.78
26,166.57
175.56,480.6
13.65,176.13
317.96,458.75
20.8,126.97
13.87,125.61
237.47,857.43
38.13,278.53
26,161.11
135.2,237.57
36.4,77.82
218.4,1037.65
54.62,125.61
58.93,255.32
20.8,174.76
56.57,187.05
31.2,170.66
10.4,122.88
43.33,176.13
19.07,121.51
31.2,259.41
53.73,258.05
26,316.76
24.27,132.44
13.65,128.34
118.99,116.05
35.11,144.72
36.4,223.91
7.8,151.55
26,229.37
29.26,169.3
27.73,218.45
331.07,966.65
87.78,512
62.42,333.14
52.67,117.42
20.8,245.76
19.07,199.34
64.13,376.83
26,221.18
10.4,98.3
9.75,159.74
9.75,150.18
19.07,139.26
9.75,144.72
131.73,382.29
107.29,385.02
9.75,143.36
22.53,158.38
258.27,682.67
109.2,1294.33
17.56,188.41
17.33,84.65
58.52,207.53
26,94.21
10.4,174.76
146.3,266.24
146.3,266.24
12.13,131.07
53.73,193.88
19.07,176.13
26,88.74
22.53,170.66
5.85,155.65
53.73,163.84
146.3,266.24
34.67,225.28
6.93,76.46
133.47,337.24
130,359.08
149.07,270.33
1320.6,356.35
26,65.53
32.93,240.3
17.56,208.89
551.2,1720.32
15.6,150.19
76.27,344.06
15.6,131.07
5.85,133.8
17.56,172.03
5.85,120.15
13.65,191.15
52,327.68
32.93,232.1
53.73,458.75
29.47,184.32
31.2,184.32
325,491.52
197.02,606.21
150.2,413.69
3.47,185.68
202.87,862.89
15.6,147.45
146.3,152.92
56.57,136.53
146.3,136.53
31.2,114.69
31.2,185.68
5.85,129.71
19.07,107.86
31.21,180.22
124.8,421.89
17.56,172.03
208,606.21
31.2,212.99
31.2,221.18
29.47,170.66
38.13,101.03
78.03,314.03
32.93,177.49
33.16,165.2
3.47,65.53
45.07,238.93
113.14,456.02
148.25,375.47
52,333.14
12.13,126.97
76.27,333.14
20.8,155.65
9.75,167.94
10.4,32.77
26,223.91
33.16,163.84
9.75,197.97
19.07,139.26
29.47,135.17
31.21,141.99
1.73,77.82
13.87,139.26
58.93,264.87
27.73,192.51
36.4,262.14
5.85,81.92
19.07,120.15
24.27,172.03
29.47,155.65
36.4,193.88
29.26,21.85
31.2,230.74
27.73,339.97
29.47,208.89
25.36,173.4
27.73,154.28
31.21,189.78
346.67,966.65
20.8,162.47
52,311.29
145.6,230.74
72.17,368.64
24.27,114.69
15.61,193.88
35.11,185.68
17.33,139.26
91.68,465.58
26,163.84
118.99,421.89
130,374.1
117.04,116.05
35.11,331.77
5.2,96.94
694.44,354.98
197.02,595.28
27.73,158.38
3.9,111.96
86.67,835.58
21.46,180.22
36.4,233.47
175.56,360.45
10.4,10.92
19.07,144.72
24.27,154.28
29.26,32.77
26,81.92
29.47,147.45
3.9,103.76
142.13,229.37
10.4,131.07
5.85,90.11
33.16,151.55
26,88.74
22.53,304.47
27.73,174.76
29.47,197.97
24.27,157.01
5.85,158.38
275.6,1234.26
1.95,110.59
78.03,356.35
19.51,236.2
790.4,600.75
13.65,146.09
146.3,137.9
148.25,217.09
81.47,218.45
117.04,117.42
13.87,114.69
58.93,595.28
162.93,233.47
12.13,131.07
46.8,349.52
19.07,176.12
130,380.93
62.4,464.21
103.39,315.39
33.16,182.95
45.07,244.39
146.3,266.24
7.8,129.7
6.93,218.45
52,249.85
10.4,131.07
26,87.38
25.36,167.94
13.65,184.32
60.47,207.53
17.56,141.99
13.87,155.65
183.36,330.41
19.07,109.23
20.8,206.16
17.33,207.53
58.52,182.95
140.4,215.72
15.6,167.93
32.93,274.43
26,55.98
26,49.15
19.07,137.9
344.93,671.74
3.47,136.53
39.01,370.69
134.6,360.45
71.07,357.72
146.3,376.83
48.53,223.91
31.2,278.53
70.22,309.25
120.94,118.78
12.13,110.59
26,81.92
12.13,131.07
5.85,189.78
183.36,364.54
26,152.92
13.65,219.82
3.47,174.76
31.2,218.45
33.16,167.94
54.62,217.09
12.13,221.18
26,191.15
17.33,124.24
5.2,86.01
26,110.59
36.4,234.84
32.93,319.49
13.87,144.72
33.16,182.95
24.27,35.5
17.33,158.38
130,350.89
56.57,133.8
21.46,165.2
314.06,548.86
54.62,176.13
31.2,217.09
12.13,120.15
74.53,420.52
10.4,111.96
13.65,139.26
91.68,399.36
19.51,214.36
17.56,169.3
57.2,296.28
36.4,327.68
170.68,122.88
3.9,141.99
35.11,327.68
24.27,204.8
19.07,87.38
5.85,90.11
13.65,195.24
10.4,16.38
175.56,415.06
3.47,27.31
452.4,638.97
230.53,447.83
13.87,300.37
27.73,161.11
24.27,210.26
26,72.36
136.55,516.09
29.47,161.11
301.6,939.35
35.11,166.57
24.27,135.17
27,290.81
15.6,223.91
19.07,161.11
24.27,323.58
10.4,103.76
45.07,271.7
15.6,293.54
31.2,139.26
26,117.42
190.67,742.74
162.93,389.12
10931.53,9437.18
195.07,428.71
15.61,169.3
31.2,204.8
48.53,225.28
146.3,173.4
46.8,233.47
25.36,184.32
46.8,303.1
60.47,159.74
32.93,223.91
171.66,436.91
191.17,524.29
185.31,376.83
26,65.53
13.65,210.26
15.6,155.65
5.2,81.92
29.26,76.46
26,64.17
8.67,16.38
29.26,8.19
26,122.88
62.4,731.82
31.2,223.91
674.93,398.68
26,143.36
113.14,382.29
12.13,135.17
32.93,215.72
22.53,147.45
15.6,155.65
31.21,57.34
26,81.92
177.51,584.36
17.33,107.86
31.2,249.85
201.07,720.89
5.2,163.84
26,125.61
3.47,54.61
10.4,10.92
24.27,122.88
5.85,135.17
187.26,573.44
78,409.6
29.47,111.96
146.3,118.78
56.57,158.38
17.56,144.72
21.46,155.65
32.93,87.38
5.2,2.73
64.13,290.81
10.4,114.69
17.33,83.28
24.27,204.8
20.8,146.09
45.07,253.95
31.21,154.28
146.3,266.24
197.02,267.6
223.6,983.04
138.5,357.71
10.4,76.46
50.27,151.55
72.8,180.22
243.83,423.93
45.07,140.63
26,71
20.8,141.99
25.2,150.19
15.6,120.15
36.4,163.84
20.8,203.43
29.47,196.61
9.75,180.22
170.68,122.88
17.33,180.22
17.33,139.26
27.73,206.16
142.13,208.89
136.93,290.81
170.68,122.88
26,180.22
10.4,65.54
31.2,195.24
22.53,147.45
146.3,266.24
97.07,353.62
29.26,40.96
111.19,546.81
29.47,189.78
26,103.76
171.6,649.9
8.67,147.45
145.6,217.09
126.79,417.79
17.56,188.41
134.6,342.7
19.07,244.39
52,458.75
142.4,371.37
170.68,122.88
27.73,192.51
130,346.79
208,578.9
32.93,174.76
81.47,589.82
58.52,172.03
237.47,704.51
93.63,376.83
8.67,32.77
206.77,425.98
20.8,753.66
33.16,126.97
39.87,163.84
170.68,122.88
26,158.38
19.07,320.85
187.26,294.91
343.2,1174.18
26,72.36
24.27,178.86
60.47,189.78
15.6,135.17
15.6,125.61
31.2,229.37
52,360.45
50.72,182.95
48.53,308.56
10.4,152.92
682.73,245.76
79.98,360.44
36.4,262.14
195.07,464.21
29.47,234.84
17.56,135.17
126.79,425.98
36.4,502.44
22.53,155.65
29.47,139.26
58.52,638.97
29.47,270.33
5.85,232.1
36.4,262.14
31.2,131.07
27.73,206.16
62.4,263.51
157.73,258.05
26,76.46
31.2,126.97
19.51,151.55
7.8,122.88
29.47,154.28
3.47,32.77
6.93,125.61
20.8,151.55
17.56,137.9
48.53,425.98
58.52,587.09
5.85,92.84
58.93,237.57
5.85,128.34
216.67,666.28
31.2,170.67
57.2,196.61
22.53,188.41
21.46,155.65
12.13,103.76
208,901.12
29.47,176.13
29.26,16.38
146.3,266.24
86.67,223.91
104,1032.19
62.4,274.43
27.73,241.66
10.4,16.38
33.16,124.24
27.73,241.66
112.67,1048.57
138.5,331.77
146.3,266.24
31.2,273.06
15.6,111.96
95.58,372.73
56.43,156.52
43.33,243.03
34.67,335.87
19.07,147.45
115.09,379.56
504.4,1037.65
36.4,191.15
36.4,236.2
20.8,163.84
26,253.95
29.47,196.61
10.4,68.26
17.56,172.03
370.93,1168.72
31.21,177.49
10.4,147.45
265.29,372.73
197.02,296.28
26,147.45
185.31,400.04
17.36,125.8
115.09,481.96
19.07,174.76
10.4,65.54
19.07,136.53
50.27,320.85
81.93,350.89
210.67,294.91
58.52,155.65
26,188.41
261.39,466.94
26,21.85
15.6,103.76
109.24,354.98
117.04,135.17
27.73,217.09
29.47,152.92
26,206.16
31.2,300.37
19.51,152.92
26,229.37
234,682.66
22.53,98.3
136.93,202.07
29.47,197.97
26,102.4
27.73,38.23
10.4,60.07
7.8,128.34
400.4,1332.56
86.67,158.38
109.2,270.33
15.6,143.36
113.14,330.41
146.3,361.81
50.72,188.41
52,371.37
34.67,155.65
189.21,386.39
115.09,494.25
10.4,163.84
261.86,354.01
52.67,176.13
10.4,152.92
25.2,110.59
110.93,273.07
146.3,266.24
29.47,146.09
12.13,262.14
17.56,182.95
29.47,319.49
38.13,567.98
15.6,114.69
15.6,126.97
13.87,141.99
187.26,296.28
26,191.15
15.6,221.18
52,311.29
26,62.8
6.93,16.38
24.27,185.68
13.65,152.92
99.48,559.78
12.13,30.04
58.52,267.6
58.93,245.76
116.13,428.71
10.4,223.91
179.46,322.22
15.6,10.92
35.11,199.34
17.56,170.66
130,379.56
13.65,197.97
43.33,266.24
344.93,524.29
26,174.76
17.33,76.46
10.4,132.44
33.16,215.72
76.27,234.84
24.27,139.26
15.6,196.61
31.2,196.61
191.17,479.23
1.73,129.71
97.53,389.12
26,58.71
29.47,98.3
25.2,184.32
19.51,148.82
5.2,40.96
146.3,266.24
146.3,372.73
26,77.82
26,208.89
35.11,218.45
19.8,181.59
29.26,87.38
7.43,52.66
19.51,173.4
10.4,109.23
58.52,141.99
3.47,43.69
78.03,353.62
52,188.41
26,54.61
11.7,150.19
6.93,141.99
175.56,535.21
74.53,294.91
20.8,207.53
45.07,210.26
26,158.38
31.2,262.14
27.73,154.28
202.87,304.47
9.75,141.99
113.14,436.22
682.73,278.53
31.2,131.07
15.61,180.22
26,143.36
29.47,196.61
10.4,57.34
175.56,617.13
210.67,253.95
175.56,589.82
270.4,966.65
3.47,84.65
26,147.46
21.46,157.01
15.61,169.3
179.46,540.67
3.47,518.83
31.2,249.85
22.53,214.35
10.4,76.46
24.27,159.74
26,167.93
118.99,499.71
24.27,65.53
3.47,54.61
29.47,131.07
26,166.57
5.85,111.96
36.4,180.22
26,232.1
58.93,764.59
32.93,188.41
9.75,114.69
21.46,176.13
1.73,65.53
60.47,314.02
29.47,191.15
41.6,212.99
24.27,165.2
143.87,323.58
32.93,193.88
7.8,116.05
5.85,76.46
181.41,397.31
7.8,131.07
20.8,196.61
218.47,780.97
10.4,32.77
15.6,140.63
27.73,301.74
19.07,217.09
26,221.18
19.8,200.7
146.3,266.24
146.3,266.24
29.47,316.76
146.3,266.24
10.4,98.3
147.33,234.83
5.85,196.61
118.99,109.23
37.06,30.04
17.33,141.99
31.21,159.74
6.93,161.11
34.67,181.59
38.13,238.93
133.71,178.47
32.93,741.37
22.53,102.4
338,699.05
1.73,102.4
112.67,391.85
10.4,121.51
15.61,182.95
48.53,267.6
177.51,398.68
89.73,376.83
135.2,217.09
13.87,174.76
146.3,266.24
7.8,146.09
10.4,21.84
21.46,193.88
36.4,290.81
54.62,162.47
35.11,203.43
19.51,228.01
13.65,170.67
10.4,169.3
27,139.26
26,55.98
1.73,60.07
9.75,126.97
15.6,161.11
10.4,32.77
29.47,274.43
41.6,268.97
26,188.41
37.06,166.57
175.56,688.13
5.2,38.23
58.52,98.3
31.2,155.65
26,69.63
19.07,157.01
29.47,185.68
17.56,174.76
17.56,195.24
145.6,253.95
12.13,199.34
37.06,172.03
551.2,1720.32
179.46,368.64
130,311.29
118.99,372.73
42.91,191.14
3.9,43.69
58.93,275.8
18.81,166.77
36.4,158.38
29.47,192.51
9.75,177.49
117.04,103.76
7.8,92.84
27.73,290.81
26,223.91
26,90.11
33.16,319.49
15.61,185.68
13.65,76.46
26,91.48
42.91,292.86
10.4,49.15
5.2,129.71
116.13,308.56
10.4,367.27
10.4,76.46
10.4,122.88
56.57,57.34
239.93,370
26,65.53
15.61,173.4
10.4,10.92
140.45,155.65
36.4,232.1
33.16,136.53
24.27,219.82
24.27,215.72
58.52,323.58
12.13,124.24
12.13,125.61
24.27,196.61
133.47,237.57
29.26,32.77
269.19,425.98
31.2,256.68
26,155.65
26,69.63
247.73,518.83
39.87,393.21
65.87,420.52
682.73,264.87
53.73,512
27.73,167.93
56.57,172.03
19.51,180.22
261.73,726.36
36.4,294.91
22.53,133.8
306.25,628.05
175.56,233.47
26,102.4
17.56,159.74
218.4,879.27
26,212.99
12.13,101.03
10.4,21.84
32.93,159.74
112.67,232.1
27.73,199.34
17.56,207.53
45.07,71
191.17,409.6
19.07,66.9
13.87,116.05
9.75,167.93
175.56,415.06
403.87,1043.11
78,256.68
38.13,203.43
36.4,207.53
200.92,375.46
17.33,98.3
24.27,150.19
5.85,163.84
185.31,393.21
26,87.38
31.2,243.03
764.4,2124.46
15.6,133.8
29.47,243.03
170.68,122.88
684.68,338.6
327.6,797.35
13.87,95.57
22.53,163.84
45.07,177.49
3.9,95.57
170.68,122.88
30.6,121.51
698.34,357.72
29.47,182.95
13.65,159.74
3.47,54.61
275.04,335.87
10.4,191.15
175.56,243.03
8.67,125.61
26,88.74
31.2,154.28
36.4,273.07
15.61,140.63
31.2,151.55
52,300.37
138.67,363.18
32.93,155.65
211.47,846.51
15.61,177.49
162.5,225.28
29.47,234.83
19.07,169.3
27.73,226.64
38.13,221.18
13.87,109.23
10.4,32.77
17.33,172.03
26,77.82
31.2,204.8
10.4,81.92
31.2,158.38
42.91,307.2
130,300.37
34.67,199.34
31.2,192.51
19.51,176.13
31.2,210.26
200.92,382.29
12.13,90.11
41.6,240.3
19.07,662.18
12.13,81.92
9.75,139.26
26,71
13.65,137.9
39.87,210.26
31.2,329.04
36.4,180.22
209.73,644.44
239.2,780.97
10.4,54.61
3.9,237.57
41.6,245.76
26,197.97
27.73,166.57
10.4,101.03
31.2,229.37
1.73,68.26
9.75,125.61
24.27,334.5
32.93,147.45
13.87,180.22
78,354.98
313.73,548.86
26,65.53
29.47,202.07
11.7,91.48
10.4,196.61
34.67,162.47
20.8,204.8
130,383.66
26,131.07
10.4,273.06
130,163.84
57.2,193.87
179.46,540.67
17.56,172.03
135.2,221.18
6.93,191.15
688.59,262.14
122.89,350.89
31.2,219.82
287.73,791.89
15.61,126.97
58.52,188.41
31.2,263.51
24.27,122.88
12.13,180.22
19.51,199.34
10.4,196.61
15.61,154.28
20.8,197.97
447.2,699.05
1.95,202.07
678.83,393.21
19.51,180.22
290.65,368.64
117.87,297.64
13.87,141.99
8.67,65.53
38.13,113.32
19.07,217.09
27.73,212.99
179.46,282.62
122.89,129.7
216.52,524.29
10.4,32.77
175.56,293.55
29.47,180.22
191.17,304.47
31.2,208.89
31.2,180.22
109.24,366.59
24.27,60.07
43.89,500.3
55.47,207.53
10.4,144.72
117.04,121.51
130,370
26,180.22
34.67,249.85
142.4,391.85
21.46,195.24
17.56,393.21
5.2,16.38
145.6,292.18
318.93,490.15
26,141.99
165.81,528.38
22.53,195.24
27.73,143.36
116.13,279.89
58.93,282.62
13.65,165.2
19.07,147.45
58.52,222.35
43.33,236.2
15.6,125.61
117.04,110.59
27.31,118.78
19.07,122.88
20.8,105.13
29.47,185.68
5.2,180.22
26,79.19
5.85,76.46
54.62,177.49
6.93,91.48
29.47,240.3
284.27,791.89
22.53,218.45
41.6,312.66
17.56,176.13
204.82,258.05
5.85,181.59
8.67,154.28
8.67,107.86
45.07,256.68
13.65,137.9
191.17,252.58
10.4,10.92
7.8,135.17
101.43,413.69
15.6,116.05
34.67,260.78
26,69.63
13.65,166.57
54.62,148.82
175.56,251.22
50.72,122.88
54.62,141.99
9.75,131.07
3.47,129.71
55.47,278.53
7.8,101.03
31.2,188.41
17.56,152.92
13.65,103.76
175.56,333.53
29.47,169.3
29.47,181.59
132.65,365.91
26,226.64
52,748.2
31.2,180.22
24.27,170.66
17.56,204.8
78.03,166.57
26,71
13.87,155.65
308.53,1294.33
65.87,98.3
122.89,122.88
88.4,251.22
5.2,32.77
26,133.8
10.4,5.46
13.87,173.4
17.33,199.34
13.65,135.17
101.43,311.29
15.61,152.92
29.26,16.38
9.75,172.03
27.73,229.37
22.53,126.97
1.73,207.53
145.6,211.62
57.2,173.4
156,671.74
26,129.71
74.53,398.68
15.61,21.84
1260.13,619.86
3.9,98.3
27.73,181.59
26,158.38
31.2,173.4
20.8,208.89
43.33,278.53
17.33,128.34
90.13,289.45
130,312.66
124.84,361.81
204.82,622.59
17.56,197.97
170.68,122.88
19.51,196.61
5.2,436.91
9.75,147.45
15.6,158.38
146.3,88.74
13.65,91.48
124.8,387.75
10.4,43.69
29.47,148.82
117.04,117.42
146.3,266.24
27,151.55
33.16,317.44
57.2,282.62
31.2,215.72
5.85,121.51
79.98,348.16
120.94,520.19
15.6,389.12
15.61,151.55
21.46,113.32
29.47,221.18
686.63,357.72
5.85,141.99
29.47,258.05
36.4,141.99
32.93,387.75
6.93,349.52
27.73,196.61
17.56,244.39
33.16,151.55
60.47,316.76
26,103.76
26,51.88
12.13,144.72
85.83,131.07
208,726.36
53.73,221.18
5.85,87.38
9.75,133.8
131.73,424.62
34.2,178.86
20.8,333.14
117.04,110.59
29.47,188.41
21.46,191.14
31.2,228.01
117.04,128.34
111.19,406.87
10.4,136.53
58.52,260.39
3.47,32.77
9.75,174.76
36.4,312.66
44.87,299.01
13,339.38
130,335.87
26,141.99
58.52,177.49
3.47,185.68
27.73,214.36
146.3,204.8
10055.69,720.9
52,387.75
204.82,308.56
70.22,323.58
20.8,192.51
123.07,368.64
133.47,395.94
10.4,65.54
31.2,170.66
27.73,222.55
100.53,159.74
68.27,356.35
10.4,189.78
13.87,174.76
27.73,241.66
12.13,155.65
15.6,188.41
10.4,174.76
26,57.34
29.47,253.95
170.68,122.88
170.68,122.88
130,323.58
3.47,132.44
10722.81,2479.44
17.56,155.65
179.46,447.83
15.61,210.26
3.9,139.26
13.87,154.28
36.4,223.91
175.56,557.05
19.07,172.03
43.33,260.78
28.93,127.27
147.33,266.24
6.93,169.3
22.53,158.38
29.47,212.99
175.56,307.2
6.27,157.99
24.27,152.92
36.4,234.84
36.4,103.76
32.93,136.53
26,88.74
3.47,147.45
13.87,62.8
26,120.15
44.87,264.19
29.47,196.61
60.47,163.84
29.47,273.07
29.47,140.63
138.67,202.07
76.27,643.07
19.51,147.45
19.07,315.39
30.6,118.78
113.14,363.18
65.87,278.53
115.09,397.31
26,191.14
7.8,116.05
21.46,197.97
60.67,516.09
208.72,551.59
344.93,1283.41
117.04,146.09
5.85,152.92
5.2,169.3
1.73,146.09
29.47,184.32
20.8,199.34
27.73,185.68
175.56,294.91
1.73,141.99
5.2,223.91
26,88.74
68.27,323.58
53.73,252.58
15.61,203.43
245.78,329.73
374.4,1288.87
115.09,331.77
5.85,57.34
13.87,442.37
24.27,181.59
9.75,202.07
131.73,348.16
118.99,421.89
19.51,189.78
54.34,351.08
265.2,737.28
26,65.53
36.4,141.99
27.73,178.86
15.61,533.84
19.07,105.13
34.67,178.86
20.8,176.13
107.29,294.91
154.27,221.18
15.61,172.03
218.4,638.97
13.65,196.61
12.13,90.11
53.73,202.07
25.2,170.66
29.47,330.41
5.85,140.63
3.47,65.53
105.73,1032.19
22.53,217.09
130,285.35
390,873.81
17.56,137.9
698.34,387.75
19.07,204.8
146.3,266.24
27.73,262.14
55.47,259.41
183.36,331.77
41.6,236.2
12.13,114.69
130,182.95
27.73,159.74
19.8,196.61
29.26,185.68
36.4,260.78
234.08,544.77
32.93,256.68
33.16,163.84
197.02,540.67
9.75,159.74
31.2,154.28
29.26,24.57
37.06,189.78
15.6,117.42
29.47,296.28
26,165.2
20.8,189.78
130,303.1
19.07,146.09
175.56,278.53
29.47,184.32
10.4,300.37
26,122.88
130,294.91
31.2,241.66
191.17,405.5
20.8,230.74
20.8,191.14
15.6,135.17
19.07,159.74
185.31,364.54
13.87,375.47
17.56,200.7
117.04,86.01
138.67,260.78
38.13,157.01
145.6,245.76
33.16,176.13
31.2,253.95
21.46,218.45
25.36,167.94
32.93,210.26
24.27,200.7
22.53,172.03
3.47,87.38
292.93,704.51
204.82,303.1
74.13,331.77
146.3,266.24
35.11,180.22
55.47,264.87
27.73,275.8
107.29,432.81
27.73,193.88
26,61.44
138.67,221.18
17.56,182.95
54.62,192.51
146.3,199.34
136.93,215.72
26,65.53
29.47,125.61
26,204.8
88.4,294.91
10.4,294.91
66.32,378.2
27.73,193.87
21.46,290.81
15.61,212.99
5.85,185.68
58.52,128.34
27.73,245.76
10.4,117.42
13.87,114.69
27.73,169.3
135.2,244.39
27.73,129.71
50.72,132.44
2169.14,1032.19
175.56,290.81
146.3,266.24
62.4,315.39
669.08,322.22
20.8,185.68
170.68,122.88
29.47,163.84
234,1239.72
56.57,191.14
31.2,258.05
54.62,167.93
19.07,129.71
249.6,764.58
113.14,562.52
13.87,101.03
91.68,334.5
674.93,322.22
17.56,120.15
10.4,38.23
19.07,152.92
8.67,177.49
19.51,294.91
179.46,475.14
60.47,184.32
146.3,266.24
27.73,68.26
29.47,208.89
118.99,389.12
18.57,204.8
24.27,133.8
50.27,200.7
26,251.22
17.56,133.8
135.2,305.83
120.94,101.03
3.47,107.86
15.61,135.17
146.3,266.24
76.27,884.73
5.2,90.11
43.89,278.67
89.73,354.98
52,409.6
6.93,349.52
112.67,192.51
31.2,315.39
20.8,308.56
189.21,322.22
52,316.76
130,353.62
265.2,425.98
29.26,40.96
11.7,147.45
37.06,172.03
29.26,8.19
74.53,573.44
193.12,285.35
34.67,177.49
195.07,367.27
15.61,167.94
115.09,374.78
31.2,244.39
209.73,589.82
36.4,21.84
5.85,114.69
1.95,40.96
15.6,139.26
52,267.6
5.85,117.42
45.07,274.43
22.29,198.95
117.04,103.76
128.27,389.12
29.26,253.95
62.4,379.56
440.85,411.65
87.78,398.67
58.52,257.46
12.13,90.11
31.2,147.45
15.6,240.3
9.75,143.36
15.61,180.22
22.53,177.49
200.92,294.91
26,71
146.3,329.04
34.67,240.3
35.11,184.32
17.33,129.71
95.58,397.31
10.4,136.53
52,300.37
15.61,176.13
175.56,513.36
146.3,266.24
17.56,178.86
78,152.92
15.6,131.07
31.2,199.34
339.73,535.21
27.73,188.41
13.87,191.15
93.6,212.99
5.85,118.78
38.13,191.15
31.2,162.47
17.33,148.82
19.07,303.1
15.6,135.17
113.14,372.73
19.51,172.03
69.33,234.84
7.8,167.93
26,75.09
35.11,199.34
133.47,372.73
8.67,212.99
31.2,151.55
187.26,193.88
9.75,141.99
20.8,348.16
36.4,218.45
3.9,117.42
31.21,188.41
152.53,260.78
29.47,299.01
27,146.09
146.3,105.13
31.2,128.34
19.07,111.96
175.56,307.2
175.56,589.82
52,415.06
9.75,114.69
146.3,266.24
17.33,122.88
17.56,154.28
109.24,234.84
109.24,337.24
9.75,151.55
27.73,158.38
26,248.49
182,1687.55
3.9,114.69
109.24,357.72
31.2,219.82
175.56,262.14
5.2,172.03
43.33,223.91
170.68,122.88
130,380.93
9.75,210.26
31.2,199.34
187.26,309.93
175.56,277.16
26,79.19
50.72,203.43
10988.1,6553.6
21.46,165.2
26,88.74
15.6,174.76
15.6,139.26
201.07,398.67
17.56,172.03
10.4,90.11
5.2,71
35.11,189.78
19.8,122.88
64.37,636.93
15.6,92.84
27.73,200.7
13.87,148.82
27.73,223.91
9.75,210.26
23.41,136.53
31.2,226.64
175.56,491.52
117.04,96.94
12.13,73.73
27.73,144.72
26,101.03
41.6,192.51
26,147.46
170.68,122.88
29.47,176.13
19.8,197.97
2480.4,324.95
13.87,196.61
138.67,212.99
26,60.07
58.52,335.87
15.6,87.38
12.13,131.07
191.17,368.64
13.65,110.59
146.3,266.24
43.33,453.29
191.17,286.72
58.52,234.84
22.53,206.16
175.56,297.64
58.52,169.3
5.2,21.84
52,316.76
22.53,143.36
10.4,49.15
3.47,240.3
24.27,121.51
187.2,274.43
6.93,147.45
26,191.15
29.26,167.93
15.61,140.63
26,169.3
13.87,128.34
11058.33,10048.85
20.8,181.59
3.47,68.26
30.6,150.18
31.2,170.66
130,318.12
32.93,177.49
142.13,197.97
24.27,193.88
36.4,84.65
17.33,116.05
149.07,199.34
101.43,405.5
36.4,252.58
39.87,266.24
15.6,174.76
11.7,126.97
118.99,561.15
17.33,136.53
7.8,118.78
175.56,299.01
31.2,176.13
146.3,202.07
36.4,212.99
246.13,715.43
175.56,376.83
76.27,442.37
57.2,339.97
17.33,98.3
10.4,125.61
50.72,256
29.47,630.78
31.2,274.43
26,185.68
32.93,141.99
53.73,255.32
19.07,111.96
24.27,185.68
7.8,132.44
56.43,131.66
140.45,341.33
29.47,232.1
130,363.18
36.4,131.07
10.4,32.77
17.33,181.59
31.2,120.15
3.47,163.84
680.78,305.83
56.57,161.11
177.51,622.59
43.33,258.05
26,267.6
26,267.6
3.9,76.46
26,46.42
55.47,327.68
24.27,204.8
52,376.83
154.1,389.12
36.4,212.99
27.73,143.36
26,88.74
58.52,188.41
28.8,154.28
19.07,207.53
31.2,263.51
56.57,176.13
13.87,155.65
33.16,121.51
26,248.49
17.33,92.84
58.52,182.95
8.36,112.64
19.51,147.45
271.14,537.94
686.63,292.18
130,299.01
58.52,185.68
78,425.98
21.46,159.74
19.51,217.09
143.87,466.94
38.13,270.33
36.4,154.28
21.46,214.36
29.26,43.69
130,316.76
26,169.3
678.83,338.6
436.95,782.33
5.2,98.3
146.3,266.24
135.2,204.8
45.07,218.45
175.56,278.53
15.6,172.03
31.2,150.18
27.73,256.68
5.85,177.49
9.75,143.36
185.47,496.98
29.47,202.07
10.4,10.92
6.27,105.32
109.24,365.91
120.94,158.38
7.8,139.26
143.87,192.51
245.78,563.88
9.75,128.34
31.2,223.91
138.67,259.41
10.4,32.77
58.93,163.84
31.2,229.37
142.4,634.88
13.87,324.95
27.73,267.6
202.87,360.45
7.8,128.34
6.93,124.24
146.3,266.24
5.85,126.97
130,389.12
13.65,135.17
10.4,5.46
17.56,187.05
21.46,176.13
5.2,49.15
26,76.46
87.78,155.65
26,144.72
48.77,217.09
29.47,126.97
198.97,421.89
27.73,161.11
271.14,537.94
109.2,155.65
31.2,282.62
3.47,60.07
301.6,552.96
36.4,259.41
5.2,62.8
29.26,65.54
351.87,813.74
35.11,169.3
146.3,203.43
306.25,542.04
36.4,180.22
22.53,161.11
12.13,122.88
36.4,200.7
29.26,8.19
5.2,229.37
90.13,294.91
34.67,147.45
32.93,259.41
19.07,196.61
31.2,253.95
31.2,184.32
12.54,166.76
175.56,540.67
143.87,398.68
89.73,362.49
29.47,193.87
6.93,169.3
36.4,187.05
29.47,196.61
26,193.88
270.4,671.74
36.4,178.86
26,90.11
181.41,334.5
135.2,208.89
84.93,185.68
1.73,71
31.2,267.6
170.68,122.88
12.13,137.9
27.73,245.76
31.2,167.93
10.4,16.38
31.2,245.76
31.2,241.66
6.93,98.3
175.56,337.92
57.2,274.43
20.8,188.41
13.87,139.26
135.2,185.68
21.46,161.11
27.73,166.57
41.6,268.97
5.85,166.57
10.4,158.38
52,480.6
15.6,144.72
341.47,1398.1
29.26,8.19
19.8,102.4
8.67,54.61
353.6,950.27
71.07,344.06
8.67,107.86
39.87,473.77
25.2,125.61
183.36,647.17
9.75,66.9
19.51,174.76
17.33,147.45
31.2,150.19
29.47,170.67
95.58,363.18
104,993.96
15.6,114.69
206.27,584.36
249.69,622.59
130,359.08
26,150.19
13.87,327.68
126.79,512
13.87,139.26
5.85,143.36
239.2,552.96
31.2,147.45
10.4,133.8
32.93,221.18
109.2,214.35
34.67,266.24
202.87,622.59
26,196.61
10.4,98.3
38.13,278.53
5.85,169.3
26,91.48
26,60.07
36.4,237.57
29.47,292.18
5.2,132.44
170.68,122.88
10.4,21.84
10.4,163.84
10.4,147.45
39.87,303.1
170.68,122.88
239.93,682.67
13.87,266.24
31.21,114.69
19.51,176.13
56.57,131.07
130,380.93
26,141.99
1.73,73.73
27.73,180.22
208,742.74
315.47,628.05
13.87,327.68
26,35.5
17.56,212.99
34.2,184.32
70.22,432.81
114.4,120.15
128.27,148.82
27.31,132.44
36.4,238.93
13.87,143.36
36.4,177.49
185.31,412.33
43.33,589.82
185.47,704.51
126.79,398.67
11.7,122.88
58.52,163.84
366.73,367.27
227.07,671.74
15.6,158.38
197.02,385.02
25.36,226.64
282.85,447.83
15.61,166.57
224.33,417.79
54.62,212.99
289.47,532.48
9.75,120.15
20.8,137.9
357.07,562.52
26,61.44
128.74,496.98
26,10.92
22.53,200.7
36.4,81.92
36.4,303.1
189.21,393.21
170.68,122.88
26,86.01
17.33,206.16
31.2,197.97
19.07,92.84
126.53,356.35
130,386.39
26,77.82
6.93,125.61
17.56,167.93
6.93,43.69
6.93,147.46
115.09,522.92
24.27,189.78
17.33,114.69
154.27,233.47
175.56,376.83
24.27,173.4
1.95,125.61
181.41,253.95
48.53,338.6
181.41,424.62
10.4,114.69
52,189.78
146.3,266.24
19.07,105.13
202.87,529.75
551.2,1720.32
24.27,176.13
198.97,383.66
29.47,260.78
306.8,617.13
58.52,212.99
17.33,174.76
36.4,247.12
130,348.16
17.56,133.8
12.13,49.15
24.27,233.47
3.47,27.31
19.07,155.65
258.27,633.51
52,311.3
19.07,176.13
68.27,409.6
21.46,147.46
69.33,402.77
10.4,131.07
6.93,84.65
13.65,155.65
26,218.45
10.4,174.76
6.93,111.96
268.67,606.21
29.47,182.95
52,360.45
52,204.8
95.58,339.97
15.61,208.89
26,68.26
26,84.65
247.73,432.13
15.6,191.15
104,221.18
21.46,114.69
22.53,232.1
31.2,326.31
34.67,322.22
22.53,229.37
227.07,1299.8
20.8,167.93
10.4,140.63
31.21,200.7
21.46,176.13
24.27,118.78
170.68,122.88
29.47,237.57
36.4,223.91
26,92.84
15.6,331.77
132.65,573.44
407.33,1086.8
31.2,262.14
58.52,177.49
126.79,423.93
190.67,529.75
26,103.76
559.87,2910.89
17.33,128.34
12.13,163.84
19.07,121.51
13.87,120.15
36.4,301.74
116.13,319.49
32.93,159.74
15.61,151.55
21.46,196.61
11.7,121.51
50.27,187.05
3.47,49.15
24.27,111.96
29.47,288.08
26,73.73
54.62,182.95
140.4,263.51
32.93,71
29.47,146.09
68.27,314.02
95.58,367.27
15.6,161.11
54.36,81.92
12.13,126.97
27,137.9
26,90.11
3.47,27.31
26,86.01
68.27,319.49
58.52,103.76
17.33,147.45
5.85,128.34
28.8,151.55
26,90.11
26,77.82
54.62,184.32
26,212.99
26,354.99
19.51,202.07
130,359.08
1.73,57.34
56.57,144.72
12.13,147.45
27.73,139.26
93.63,331.77
33.16,159.74
175.56,393.21
26,73.73
1.95,131.07
31.2,208.89
107.47,901.12
31.2,223.91
212.62,655.36
1.73,80.55
12.13,141.99
9.75,157.01
60.47,325.63
5.2,240.3
29.47,200.7
8.67,136.53
15.6,184.32
26,447.83
146.3,150.19
213.2,786.43
35.11,173.4
26,66.9
19.51,203.43
29.47,225.28
113.14,368.64
31.2,208.89
48.53,217.09
433.33,2244.61
52.67,155.65
109.2,1163.26
145.6,238.93
52.67,139.26
333.56,529.75
60.47,320.85
87.78,309.93
15.61,206.16
175.56,335.87
152.15,268.29
5.85,184.32
91.68,454.65
8.67,16.38
29.47,278.53
19.07,184.32
29.47,226.64
191.17,268.97
29.47,311.29
6.93,163.84
109.2,1048.57
3.47,122.88
161.2,518.83
37.06,176.13
9.75,109.23
55.47,163.84
31.2,204.8
35.11,139.26
36.4,212.99
29.26,188.41
29.47,222.55
29.47,136.53
200.92,277.16
6.93,155.65
33.16,193.88
30.6,178.86
6.27,159.45
1.73,102.4
3.9,12.29
52,371.37
46.82,292.86
55.47,278.53
10.4,191.15
27.73,129.71
15.6,155.65
5.85,167.93
294.55,516.09
117.04,120.15
10.4,32.77
142.13,274.43
26,69.63
13.87,120.15
7.43,58.51
62.42,151.55
27.73,268.97
113.14,450.56
60.47,141.99
33.16,203.43
15.61,151.55
5.2,5.46
31.2,331.78
170.68,122.88
276.99,460.12
8.67,121.51
48.77,81.92
265.29,401.41
26,233.47
109.2,950.27
114.4,251.22
170.68,122.88
1515.67,1978.37
52,229.37
36.4,207.53
146.3,102.4
26,49.15
101.43,320.85
5.85,135.17
27.73,207.53
5.2,87.38
29.47,174.76
52,436.91
26,69.63
3.9,248.49
26,195.24
65.87,270.33
218.4,753.66
146.3,266.24
34.67,314.02
36.4,163.84
19.51,192.51
26,147.46
20.8,182.95
24.27,245.76
136.93,387.75
204.82,339.97
31.2,185.68
20.8,267.6
68.27,659.45
175.56,281.26
185.31,288.08
74.53,720.89
10.4,163.84
680.78,425.98
31.2,271.7
31.2,161.11
224.33,350.21
138.67,218.45
12.13,152.92
31.2,166.57
21.46,204.8
15.6,184.32
310.27,648.53
32.93,258.05
31.2,199.34
26,66.9
8.67,43.69
20.8,181.59
130,364.54
12.13,135.17
170.68,122.88
187.26,275.8
21.46,152.92
36.4,174.76
27.31,151.55
130.69,383.66
31.2,223.91
27.73,281.26
60.67,387.75
36.4,218.45
157.73,342.7
26,251.22
298.13,1867.77
27.73,98.3
31.21,162.47
27.73,241.66
50.72,166.57
213.2,835.58
27.73,167.93
191.17,299.01
7.8,150.19
17.56,189.78
175.56,307.2
138.5,368.64
131.73,196.61
10.4,173.39
24.27,197.97
31.21,180.22
3.47,218.45
676,1993.38
10.4,174.76
9.75,204.8
10742.32,3910.31
32.93,229.37
56.57,140.63
10.4,124.24
26,172.03
29.26,8.19
26,73.73
26,135.17
154.1,643.07
339.73,1234.26
22.53,169.3
31.2,189.78
99.48,450.56
60.67,278.53
31.21,16.38
1.73,125.61
140.4,251.22
126.79,363.18
19.07,191.14
60.47,372.73
12.13,152.92
120.94,357.72
7.8,169.3
15.61,167.94
118.99,92.84
12.13,152.92
19.07,148.82
31.2,303.1
15.61,176.13
409.07,819.2
259.44,405.5
17.56,187.05
10.4,87.38
15.6,136.53
130,375.46
26,163.84
130,363.18
29.26,65.54
175.56,331.77
81.47,141.99
24.27,143.36
19.07,87.38
208,704.51
22.53,158.38
34.67,303.1
22.53,141.99
19.51,122.88
9.75,135.17
29.26,184.32
24.27,135.17
17.33,154.28
19.07,180.22
68.27,382.97
19.51,60.07
12.13,163.84
48.53,290.81
15.6,111.96
210.67,299.01
27.73,155.65
234,983.04
19.07,170.67
60.67,415.06
17.33,144.72
3.47,212.99
34.67,196.61
10.4,137.9
10.4,16.38
27.73,161.11
20.8,136.53
26,229.37
17.56,21.84
124.84,363.18
26,322.22
104,1114.11
5.2,143.36
200.92,363.18
53.73,228.01
17.56,176.13
29.47,181.59
29.26,131.07
12.13,116.05
10.4,110.59
22.53,185.68
5.85,77.82
32.93,669.01
26,118.78
31.2,169.3
19.51,170.67
12.13,81.92
29.26,19.11
26,62.8
678.83,425.98
20.8,133.8
29.26,62.8
537.33,2075.3
13.65,180.22
27.31,140.63
159.47,345.43
24.27,159.74
15.61,202.07
22.53,159.74
31.2,221.18
13.65,176.13
58.52,141.99
31.2,185.68
36.4,192.51
19.51,202.07
5.85,159.74
58.52,95.57
26,191.14
24.27,155.65
17.33,158.38
27.73,191.14
31.2,245.76
15.6,128.34
31.2,170.67
117.04,128.34
5.85,120.15
6.93,122.88
36.4,185.68
60.47,181.59
17.56,126.97
36.4,327.68
10.4,24.57
9.75,187.05
146.3,266.24
31.2,207.53
3.47,65.53
32.93,249.85
170.68,122.88
78.03,400.04
10.4,10.92
102.27,188.41
33.16,218.45
19.07,382.29
26,212.99
24.27,217.09
177.51,764.58
9.75,146.09
33.16,197.97
146.3,266.24
5.85,140.63
33.16,193.88
29.26,2.73
26,159.74
169.71,346.79
12.13,245.76
133.47,395.94
22.53,150.19
146.3,184.32
13.87,148.82
5.85,143.36
103.39,229.38
31.2,141.99
17.56,217.09
26,55.98
22.53,161.11
20.8,126.97
170.68,122.88
24.27,169.3
11.7,202.07
146.3,266.24
3.47,117.42
36.4,174.76
20.8,163.84
13.87,191.15
26,187.05
53.73,223.91
5.2,218.45
12.13,10.92
109.2,961.19
1.95,54.61
117.04,101.03
109.2,158.38
19.07,425.98
170.68,122.88
19.51,176.13
9.75,155.65
31.2,210.26
3.9,202.07
36.4,122.88
27.73,158.38
26,68.26
56.57,192.51
26,53.25
31.21,173.39
15.6,180.22
19.07,320.85
117.04,118.78
58.52,139.26
23.41,237.57
104,1048.57
26,442.37
72.17,324.95
26,114.69
19.07,166.57
31.2,233.47
202.87,393.21
21.46,184.32
31.2,154.28
200.92,513.36
68.27,285.35
10.4,109.22
45.07,278.53
6.93,65.54
52,114.69
36.4,223.91
17.33,126.97
5.2,16.38
31.2,178.86
136.55,339.97
130,348.16
56.57,448.51
109.2,901.12
13.87,152.92
24.27,118.78
13.87,120.15
177.51,573.44
74.53,398.68
19.07,199.34
15.6,122.88
36.4,109.23
52,241.66
6.27,138.97
29.47,192.51
168.13,671.74
130,312.66
6.93,163.84
26,61.44
22.53,125.61
29.47,334.5
138.67,365.91
29.47,188.41
57.2,344.06
88.4,289.45
175.56,270.33
261.73,533.84
17.56,172.03
117.04,152.92
26,81.92
3.47,180.22
12.13,102.4
26,251.22
56.57,189.78
29.47,225.28
27.73,207.53
31.2,193.87
26,147.46
13.65,176.13
5.85,120.15
10.4,152.92
20.8,299.01
46.82,111.96
9.75,146.09
5.2,212.99
15.6,118.78
36.4,258.05
52,245.76
13.65,165.2
5.85,102.4
688.59,278.53
22.53,154.28
213.2,731.82
26,107.86
130,335.87
9.75,135.17
117.04,114.69
25.2,139.26
31.2,159.74
27.73,226.64
175.56,425.98
52,305.83
31.2,253.95
329.66,361.81
26,159.74
19.51,178.86
26,87.38
17.56,192.51
7.8,137.9
144.35,126.97
10.4,184.32
146.3,266.24
132.65,117.42
669.08,273.07
115.09,320.85
99.48,354.3
3.47,10.92
684.68,344.06
286,1037.65
26,69.63
195.07,331.77
193.12,441
126.79,345.43
682.73,327.68
29.47,282.62
19.51,211.62
26,193.88
68.27,360.45
88.4,507.9
58.93,297.64
223.6,742.74
12.13,196.61
38.13,307.2
15.6,151.55
218.4,660.82
41.6,326.31
6.93,122.88
6.93,43.69
183.36,449.19
170.68,122.88
5.85,131.07
17.33,196.61
48.77,152.92
10.4,111.96
109.2,212.99
130,357.72
54.62,141.99
78.03,776.87
331.07,813.74
6.93,92.84
135.2,334.51
13.65,208.89
22.53,83.28
26,210.26
45.07,233.47
117.04,158.38
13.87,141.99
162.93,270.33
146.3,202.07
31.2,162.47
12.13,167.93
1.95,117.42
15.6,152.92
13.87,154.28
26,129.71
12.13,166.57
15.6,180.22
107.29,322.22
234,748.2
26,193.87
27.73,128.34
130,304.47
10.4,180.22
9.75,132.44
56.57,335.87
26,53.25
197.02,346.79
19.07,101.03
29.47,245.76
32.93,270.33
32.93,270.33
27.73,113.32
101.43,370
150.8,360.45
17.33,152.92
79.42,327.68
19.07,147.45
31.2,192.51
22.53,110.59
26,289.45
37.06,185.68
3.47,110.59
27.31,581.63
135.2,229.37
218.47,413.69
56.57,155.65
5.2,163.84
19.07,184.32
36.4,166.57
310.27,682.67
24.27,241.66
6.93,122.88
19.07,206.16
1.95,98.3
29.47,230.74
162.93,379.56
50.27,318.12
313.73,618.49
10.4,43.69
9.75,69.63
17.33,49.15
109.2,1108.65
15.61,135.17
10.4,121.51
26,234.84
26,66.9
21.46,195.24
26,236.2
31.2,163.84
32.93,225.28
41.6,154.28
31.2,172.03
57.2,354.99
48.53,251.22
672.98,330.41
551.2,1720.32
170.68,122.88
9.75,105.13
175.56,300.37
107.47,192.51
35.11,200.7
31.2,315.39
300.4,434.17
56.57,199.34
626.16,207.53
13.87,188.41
7.8,167.94
56.57,218.45
53.73,81.92
146.3,206.16
54.62,147.45
32.93,409.6
7.8,110.59
195.07,475.13
24.27,71
32.93,266.24
34.67,233.47
29.26,38.23
10.4,49.15
52.67,139.26
7.8,120.15
27.31,262.14
19.07,173.4
10.4,43.69
6.93,49.15
29.26,5.46
21.46,204.8
53.73,262.14
8.67,65.53
26,73.73
24.27,274.43
175.56,281.26
19.51,184.32
26,92.84
29.47,255.32
52,420.52
17.33,243.03
13.65,387.75
34.67,221.18
24.27,174.76
7.8,155.65
13.65,131.07
32.93,163.84
31.2,193.88
28.8,159.74
26,58.71
17.33,184.32
26,159.74
10.4,60.07
36.4,193.88
170.68,122.88
37.06,217.09
26,203.43
208,955.73
15.61,144.72
284.8,456.7
68.27,337.24
95.58,318.12
27.73,202.07
17.33,290.81
3.47,81.92
22.53,158.38
9.75,151.55
26,90.11
241.88,442.37
170.68,122.88
13.65,139.26
19.07,139.26
5.2,27.31
5.85,135.17
72.8,442.37
24.27,139.26
26,131.07
9.75,60.07
13.87,161.11
122.89,167.93
38.13,349.52
19.07,256.68
103.39,513.36
26,218.45
15.6,125.61
31.2,264.87
93.6,158.38
20.8,173.4
10.4,81.92
86.67,535.21
12.13,92.84
13.65,335.87
26,61.44
306.25,303.1
25.2,178.86
19.07,94.21
8.67,95.57
10.4,79.19
12.13,159.74
26,158.38
53.73,421.89
55.47,294.91
117.87,449.19
3.9,86.01
10.4,136.53
21.46,158.38
135.2,188.41
10.4,163.84
118.99,110.59
13.87,151.55
35.11,184.32
234,742.74
29.26,21.84
9.75,102.4
26,273.06
56.57,137.9
19.07,195.24
21.46,132.44
67.6,524.29
17.33,154.28
95.58,316.76
54.62,196.61
79.98,346.79
41.6,221.18
52,294.91
12.13,174.76
10.4,65.53
23.41,114.69
26,109.23
17.33,152.92
17.33,204.8
26,80.55
36.4,212.99
198.97,327.68
243.83,435.54
135.2,247.12
36.4,245.76
109.2,217.09
31.2,147.45
17.33,128.34
5.85,135.17
31.2,240.3
175.56,447.83
19.07,107.86
3.47,131.07
46.8,322.22
43.33,245.76
135.2,376.83
19.8,111.96
1.73,81.92
245.78,410.96
83.88,354.99
34.67,267.6
10.4,131.07
31.2,271.7
5.85,140.63
60.67,311.29
10512.14,4008.62
26,77.82
15.6,92.84
674.93,365.91
24.27,172.03
29.26,32.77
31.2,278.53
19.07,166.57
26,71
72.8,415.06
19.07,114.69
15.61,161.11
10.4,125.61
7.8,114.69
29.47,155.65
26,196.61
29.26,120.15
31.21,8.19
87.78,356.35
17.33,196.6
29.47,191.14
27,181.59
26,131.07
5.85,126.97
39.01,636.93
5.85,151.55
158,374.1
43.33,244.39
27.73,249.85
34.67,208.89
19.51,210.26
31.2,249.85
5.85,114.69
13.65,126.97
9.75,159.74
31.2,131.07
227.07,770.05
130.69,391.85
175.56,258.05
130,365.91
183.36,270.33
117.04,81.92
117.04,136.53
22.53,155.65
25.2,131.07
170.68,122.88
12.13,215.72
130,327.68
1.73,131.07
17.33,259.41
54.62,155.65
142.13,230.74
33.16,120.15
170.68,122.88
247.87,1059.5
19.07,166.57
3.9,122.88
3.47,109.23
69.33,365.91
54.62,155.65
1.73,122.88
15.61,136.53
22.53,196.61
109.2,1043.11
45.07,259.41
27.73,204.8
17.33,98.3
27.73,218.45
175.56,357.72
27.73,176.13
31.2,299.01
38.13,671.74
26,136.53
31.2,187.05
31.2,200.7
31.2,131.07
31.2,189.78
26,158.38
26,141.99
8.67,86.01
22.53,102.4
31.21,19.11
130,323.58
41.6,173.39
170.68,122.88
45.07,196.61
48.77,374.78
122.89,346.79
177.51,409.6
11.7,92.84
56.57,140.63
36.4,196.61
36.4,202.07
19.07,141.99
8.67,139.26
43.33,245.76
15.61,166.57
37.06,176.13
57.2,249.85
15.6,111.96
43.33,223.91
78,745.47
56.57,266.24
133.47,182.95
15.61,109.23
149.07,761.85
32.93,174.76
109.2,398.68
17.56,151.55
17.33,111.96
26,479.23
32.93,197.97
31.2,129.71
146.3,217.09
130,359.08
10.4,207.53
13.65,161.11
27.73,214.35
220.43,385.02
17.56,133.8
6.93,135.17
1.73,128.34
13.65,163.84
119.6,170.66
36.4,207.53
132.65,360.45
36.4,409.6
1.73,79.19
35.11,144.72
17.56,187.05
17.33,147.45
26,163.84
29.26,21.84
147.33,208.89
31.2,176.13
19.51,177.49
22.53,182.95
263.47,835.58
24.27,172.03
146.3,260.78
26,158.38
344.93,808.28
175.56,262.14
114.95,333.53
91.68,550.91
22.53,132.44
134.6,460.12
76.27,245.76
24.27,158.38
62.42,333.82
60.67,524.29
34.67,172.03
34.67,180.22
56.57,172.03
204.82,350.89
133.47,380.93
12.13,109.22
9.75,118.78
58.52,155.65
39.87,311.29
13.65,136.53
78.03,532.48
27,151.55
19.07,174.76
32.93,211.62
52,305.83
12.13,121.51
5.2,111.96
29.26,21.84
13.65,128.34
19.51,117.42
15.61,182.95
48.53,274.43
29.26,210.26
20.8,294.91
244.4,764.58
36.4,152.92
118.99,141.99
7.8,131.07
19.07,113.32
120.94,318.12
17.33,176.13
26,218.45
56.57,207.53
700.29,647.17
130,361.81
23.41,114.69
74.53,349.52
17.56,177.49
5.85,126.97
36.4,281.26
688.59,322.22
15.61,211.62
20.8,90.11
146.3,266.24
31.2,243.03
230.18,362.49
115.09,327.68
28.8,181.59
5.85,146.09
142.13,236.2
31.21,177.49
39.01,71
130,379.56
15.61,163.84
31.2,150.19
198.97,307.2
79.98,375.46
128.27,356.35
58.93,304.47
318.93,1179.65
104,1070.42
13.65,647.17
48.77,239.61
34.67,278.53
3.47,196.61
34.67,215.72
38.13,208.89
27.73,223.91
488.8,1572.86
41.6,219.82
5.85,184.32
31.2,147.45
3.9,101.03
36.4,196.61
130,333.14
12.13,170.66
5.85,174.76
26,147.46
219.14,731.43
239.2,797.35
48.53,217.09
68.27,402.77
142.4,155.65
29.47,162.47
22.53,155.65
97.53,368.64
48.53,240.3
20.8,184.32
149.07,339.97
29.26,176.13
202.87,277.16
175.56,349.52
17.56,174.76
175.56,436.9
146.3,266.24
31.2,141.99
21.46,159.74
27.73,200.7
132.65,528.38
34.67,221.18
26,311.29
29.47,191.15
58.52,152.92
26,71
24.27,172.03
22.53,184.32
195.07,278.53
17.56,135.17
19.07,238.93
91.68,385.02
6.93,49.15
1.73,199.34
29.26,32.77
3.47,226.64
5.2,40.96
26,65.53
235.73,611.67
20.8,188.42
130,397.31
26,42.32
27.73,137.9
26,60.07
115.09,361.81
20.8,178.86
25.2,177.49
179.46,281.26
130,374.1
21.46,189.78
26,152.92
9.75,98.3
31.2,262.14
19.07,150.19
17.56,184.32
97.07,223.91
197.02,383.66
146.3,266.24
22.53,120.15
44.87,1413.12
10.4,319.49
130.69,522.92
138.5,98.3
32.93,180.22
35.11,178.86
15.6,77.82
8.67,16.38
260,737.28
17.33,169.3
38.13,285.35
26,92.84
33.16,118.78
78.03,337.24
29.47,238.93
464.26,479.23
93.63,360.45
20.8,180.22
26,69.63
118.99,131.07
31.2,131.07
22.53,241.66
680.78,387.75
15.61,176.13
117.04,76.46
19.51,152.92
15.6,148.82
146.3,266.24
9.75,137.9
5.85,131.07
6.93,151.55
15.61,204.8
343.2,666.28
76.27,273.07
15.61,163.84
57.2,245.76
27.73,98.3
17.33,203.43
37.06,172.03
27.73,234.83
15.6,165.2
10.4,32.77
138.67,253.95
38.13,600.75
29.26,237.57
26,240.3
5.85,173.4
146.3,167.93
120.94,428.03
173.61,360.45
148.25,341.33
117.04,128.34
117.04,94.21
130,296.28
12.13,133.8
170.68,122.88
175.56,304.47
35.11,165.2
8.67,178.86
112.67,212.99
29.47,278.53
19.07,185.68
692.49,368.64
27.31,150.18
20.8,176.13
22.53,162.47
15.6,155.65
10.4,128.34
109.2,1010.34
15.6,152.92
48.77,144.72
27.73,221.18
170.68,122.88
5.85,163.84
29.47,277.16
17.56,132.44
15.61,65.54
26,148.82
27,140.63
223.6,1092.26
26,69.63
130.69,491.52
9.75,148.82
19.51,155.65
31.2,251.22
26,101.03
50.72,187.05
35.11,113.32
24.27,174.76
13.65,116.05
209.73,731.82
26,84.65
31.2,277.16
57.2,294.91
97.53,374.1
26,60.07
26,86.01
220.13,1501.86
3.47,65.53
312.11,643.07
13.87,122.88
55.47,221.18
10.4,21.85
10.4,136.53
29.47,241.66
90.13,469.67
31.2,49.15
56.57,169.3
29.26,167.93
19.07,163.84
41.6,266.24
31.2,131.07
11.7,125.61
167.76,370
9.75,90.11
15.6,221.18
39.87,114.69
52.67,223.91
29.47,253.95
146.3,266.24
187.26,294.91
15.6,158.38
24.27,157.01
103.39,380.93
12.13,146.09
31.2,249.85
26,245.76
204.82,518.83
32.93,259.41
21.46,169.3
17.33,152.92
126.79,495.61
105.34,360.45
13.87,178.86
195.07,319.49
12.13,161.11
198.97,293.55
9.75,159.74
28.8,133.8
17.33,166.57
10.4,65.53
10.4,172.03
674.93,357.72
145.6,267.6
26,76.46
29.47,207.53
31.2,204.8
52,360.45
10.4,181.59
36.4,232.1
26,65.53
31.2,192.51
26,73.73
26,163.84
320.67,1179.65
39.87,147.45
130,360.45
10.4,262.14
19.07,144.72
54.62,154.28
1.95,92.84
12.13,114.69
12.13,335.87
26,147.45
26,111.96
22.53,147.45
208,1463.63
175.56,404.14
26,73.73
48.53,122.88
26,170.66
6.93,27.31
38.13,135.17
13.87,133.8
41.6,237.57
54.34,201.87
26,86.01
26,68.26
21.46,135.17
22.53,193.88
9.75,178.86
31.21,169.3
17.56,141.99
29.47,221.18
31.2,218.45
17.56,193.88
31.2,128.34
26,64.17
35.11,204.8
29.47,237.56
84.93,32.77
145.6,237.57
36.4,174.76
52,535.21
32.93,398.68
146.3,266.24
5.2,68.26
175.5,225.28
12.13,207.53
29.26,21.84
10.4,21.84
154.1,479.23
45.07,286.72
116.13,203.43
31.2,290.81
27.73,87.38
46.8,228.01
40.96,184.32
5.85,121.51
26,184.32
120.94,90.11
19.07,192.51
270.4,1070.42
189.21,720.89
7.8,159.74
116.13,331.77
17.33,159.74
19.51,182.95
13.87,131.07
29.26,30.04
91.68,424.62
31.2,200.7
52,114.69
31.2,178.86
5.85,81.92
146.3,338.6
26,65.53
22.53,152.92
29.26,10.92
17.33,176.13
41.6,268.97
26,71
36.4,185.68
58.93,311.29
62.4,16.38
13.87,152.92
45.07,256.68
145.6,274.43
18.57,152.14
175.56,540.67
17.33,148.82
34.67,157.01
26,69.63
46.8,267.6
10.4,114.69
412.53,1054.04
10.4,27.31
15.6,184.32
131.73,389.12
5.85,103.76
31.2,172.03
43.33,285.35
195.07,346.79
138.5,436.9
7.8,154.28
17.33,133.8
149.07,225.28
13.87,152.92
68.27,404.14
26,103.76
17.56,217.09
381.33,589.82
26,79.19
69.33,393.21
31.2,141.99
12.13,170.66
26,170.67
680.78,264.87
15.6,114.69
355.33,535.21
130,393.21
24.27,155.65
48.53,176.13
26,87.38
20.8,125.61
26,196.61
136.55,161.11
360.53,933.89
31.2,236.2
22.53,87.38
27.73,151.55
26,116.05
17.33,139.26
62.4,770.05
58.93,282.62
56.57,152.92
202.87,600.75
6.93,146.09
26,207.53
19.07,163.84
78.03,370
29.47,143.36
110.93,218.45
29.47,200.7
135.2,243.03
1.95,49.15
3.47,71
26,92.84
3.9,114.69
57.2,273.06
35.11,200.7
68.27,372.73
13.65,202.07
38.13,173.4
117.04,141.99
8.67,159.74
34.67,226.64
118.99,163.84
19.07,143.36
32.93,163.84
22.53,170.66
20.8,163.84
130,393.21
26,262.14
301.6,682.67
20.8,154.28
8.67,71
17.56,166.57
6.93,196.61
17.56,154.28
324.13,576.17
9.75,122.88
204.82,589.82
29.47,245.76
44.87,648.53
54.62,144.72
36.4,221.18
8.67,120.15
34.67,228.01
19.51,233.47
19.07,333.14
5.85,128.34
15.6,191.15
24.27,180.22
15.6,126.97
62.4,275.8
10.4,196.61
10.4,436.91
21.46,161.11
170.68,122.88
140.45,137.9
32.93,290.81
32.93,147.46
7.8,161.11
130.69,344.06
20.8,218.45
136.93,274.43
55.47,270.33
130,346.79
26,53.25
130,393.21
551.2,1720.32
36.4,326.31
364.77,450.56
45.07,245.76
171.66,458.75
32.93,144.72
8.67,87.38
185.31,267.6
20.8,176.13
9.75,146.09
15.6,136.53
54.62,158.38
15.6,124.24
1.73,114.69
26,182.95
1.95,101.03
33.16,779.6
10.4,32.77
33.16,154.28
36.4,262.14
27.31,147.46
15.6,154.28
7.8,139.26
119.6,290.81
33.16,172.03
46.8,270.33
8.67,139.26
426.4,611.67
31.2,247.12
67.6,363.18
140.4,210.26
22.53,237.57
13.87,191.14
13.87,163.84
13.65,169.3
31.2,202.07
19.51,172.03
13.87,159.74
38.13,215.72
31.21,191.14
13.65,159.74
7.8,147.46
197.02,319.49
58.52,111.96
17.56,173.4
27.73,163.84
29.47,131.07
34.67,158.38
17.56,172.03
126.53,367.27
36.4,196.61
31.2,214.35
7.8,132.44
26,71
10.4,32.77
187.26,264.87
24.27,191.14
31.2,236.2
29.47,238.93
110.93,393.21
15.6,116.05
3.9,98.3
31.2,249.85
218.47,466.94
135.2,371.37
58.93,260.78
3.47,24.57
19.07,133.8
179.46,486.06
3.47,141.99
19.07,188.41
114.4,251.22
142.13,233.47
31.21,147.45
10.4,107.86
19.07,176.13
15.61,177.49
12.13,98.3
32.93,234.84
15.6,184.32
10.4,27.31
150.2,337.24
181.41,372.73
27.73,151.55
386.53,1092.26
48.53,159.74
10.4,76.46
27.73,170.67
34.67,210.26
109.2,188.41
130,365.91
5.2,95.57
15.61,180.22
145.6,211.62
95.58,335.87
146.3,266.24
22.53,137.9
17.56,203.43
124.84,370
20.8,169.3
31.2,196.61
357.07,1026.73
216.52,513.36
15.61,169.3
26,60.07
24.27,166.57
31.2,180.22
27.73,266.24
41.6,161.11
79.98,330.41
46.8,114.69
239.93,322.22
78.03,372.73
26,81.92
29.47,251.22
30.6,155.65
36.4,125.61
19.51,169.3
10.4,125.61
15.61,211.62
20.8,180.22
10.4,90.11
27.73,237.57
112.67,258.05
99.48,416.42
26,71
17.33,131.07
10.4,136.53
22.53,189.78
52.67,290.81
20.8,170.67
31.2,229.37
5.85,140.63
58.52,163.84
31.2,232.1
113.14,319.49
130,346.79
26,136.53
95.33,647.17
24.27,188.41
60.47,432.13
52,187.05
26,299.01
34.67,245.76
29.47,203.43
13.65,140.63
29.26,16.38
13.65,144.72
211.47,966.65
146.3,189.78
5.2,182.95
10.4,141.99
234,1589.25
26,206.16
97.07,285.35
31.2,192.51
3.9,92.84
259.44,573.44
72.17,345.43
189.21,376.83
175.56,365.91
26,240.3
29.47,169.3
91.68,378.88
117.04,571.39
223.6,737.28
26,161.11
102.27,316.76
105.34,348.16
26,240.3
7.8,155.65
15.6,158.38
7.8,120.15
105.34,397.31
131.73,322.22
29.26,225.28
31.2,193.88
117.04,140.63
15.61,155.65
10.4,158.38
146.3,223.91
138.67,241.66
11.7,111.96
31.2,172.03
50.27,245.76
1.73,121.51
146.3,266.24
26,165.2
17.33,118.78
20.8,251.22
206.77,638.97
1.73,51.88
31.2,326.31
36.4,173.39
27.73,197.97
57.2,161.11
41.6,292.18
52,371.37
7.8,161.11
15.61,176.13
29.26,2.73
10.4,81.92
109.2,202.07
175.56,529.75
48.77,65.53
9956.2,3014.65
27.73,217.09
24.27,32.77
15.6,202.07
19.07,174.76
20.8,128.34
31.21,178.86
29.47,180.22
29.26,32.77
15.6,165.2
10.4,10.92
5.85,139.26
10.4,111.96
7.8,43.69
111.19,368.64
26,185.68
202.87,649.9
29.47,122.88
15.6,139.26
175.56,458.75
5.85,143.36
117.04,122.88
78,136.53
130.69,365.91
136.55,495.62
109.2,950.27
7.8,141.99
10.4,218.45
9.75,144.72
273.09,558.42
7.8,163.84
31.21,133.8
20.8,116.05
175.56,319.49
9.75,131.07
200.92,372.73
48.53,157.01
26,136.53
32.93,245.76
68.27,372.73
97.53,330.41
20.8,221.18
22.53,196.61
48.77,260.78
117.04,157.01
144.35,393.21
31.2,234.84
138.67,258.05
56.57,141.99
195.07,469.67
22.53,126.97
13.87,122.88
10.4,90.11
152.53,279.89
29.47,207.53
17.56,180.22
50.27,304.47
27.73,195.24
17.56,163.84
31.2,203.43
146.3,266.24
33.16,162.47
19.07,94.21
52,232.1
220.43,323.58
31.2,236.2
191.17,366.59
32.93,10.92
10.4,120.15
5.85,172.03
36.4,136.53
26,69.63
52,415.06
5.85,87.38
10.4,16.38
26,76.46
27.73,206.16
13.65,204.8
20.8,163.84
43.33,247.12
6.93,21.84
31.2,292.18
27.73,212.99
29.26,181.59
31.2,206.16
9.75,121.51
130,333.14
11.7,176.13
117.87,189.78
88.4,229.37
22.53,207.53
37.06,169.3
20.8,116.05
170.68,122.88
9.75,152.92
117.04,111.96
26,81.92
34.67,502.44
175.56,292.18
56.57,182.95
26,166.57
29.47,136.53
19.07,185.68
27.73,256.68
5.85,102.4
52,305.83
15.6,135.17
19.51,169.3
117.04,147.45
26,51.88
60.47,137.9
13.65,95.57
7.8,96.94
26,84.65
84.93,595.28
185.31,240.3
22.53,159.74
138.67,223.91
329.66,428.71
118.99,121.51
175.56,442.37
60.47,150.19
19.51,638.97
9.75,196.61
32.93,221.18
117.04,146.09
29.47,162.47
26,65.53
55.47,557.05
15.61,218.45
31.2,124.24
9.75,159.74
39.87,779.6
130,303.1
36.4,290.81
201.07,802.81
3.9,51.88
138.67,204.8
9.75,137.9
27.73,180.22
29.47,126.97
74.53,524.29
22.53,155.65
175.56,486.06
45.07,253.95
225.33,775.51
78.03,361.81
249.6,884.73
26,71
20.8,180.22
22.53,315.39
17.33,233.47
109.2,181.59
10.4,49.15
16.72,181.39
5.85,147.46
29.47,193.88
27,158.38
26,76.46
119.6,314.03
8.67,103.76
109.2,1081.34
31.2,245.76
10.4,163.84
19.07,191.15
5.85,92.84
24.27,69.63
12.13,294.91
9.75,159.74
31.2,207.53
5.2,111.96
17.33,139.26
22.53,192.51
17.33,155.65
32.93,262.14
17.56,136.53
20.8,158.38
27.73,263.51
32.93,256.68
20.8,143.36
204.82,292.18
